11111111111111111111111111111111111111111111111111
10001000000000001000000000000010001000001000000011
11101110111111101111101111111010101010111011101011
10101000100000100000101000001010101010000000101011
10101011101011111110111011101010101011111111101011
10100010101010000010000010101010101010000010001011
10111110101010111011111110101010101011111010111011
10000010001000101000000010001000101000100010001011
10111010111111101010111110111110101110101011101011
10001010000000001010100010000010100010001010101011
10101111111111101011101011111010101111111010101111
10100000000000101000001000000010100010001000100011
10111111111011101111111111111111111010101110111011
10100010001000100010001000001000000010100000100011
10101010101110111010101011101011111110111111101111
10101000100010001010100010101000000000000000100011
10101111101111101010111110101011111111111110111011
10101010001000001000101000101010100010000010001011
10101010101011111111101010101010101010111011111011
10100010101000001000100010001010001010001000000011
10111110101111101010101111111011111011101111111111
10000000101000101010101000100000000010100010000011
11111111101011101010101010111111111010111010111011
10001000000010001010100010100010001010001000001011
11101011111010111010111110101010101011101111111011
10001010001010100010100010001000101010001000000011
10111010101110101110101011111111101010101011111011
10000010100000101010001000001000001000101000001011
11111110111111101011111111101011111011111011101111
10000000100000001000000010001010000010001000100011
10111111101111111011111010111010111110101111111011
10001000101000100010001010000010100010100000000011
10101010101010101010101111111110101010111111111011
10100010101010001010101000000010001010100000100011
10111110101011111110101011101111101110101110101111
10100010001010000000101010100000101000101010100011
10101011111010111111101010111011101011101010111011
10101010000010000000100010001000101000100010001011
10101010111011101111111011101110101110111011101011
10101010100010001000001000100010000010001000101011
10101011101010111011101110111011111111101110101111
10101000101010101010001000000000001000100000100011
10101110101110101010111011111111111010111110111011
10001010100000001010001010000010000010100010101011
11111010101111111011101010111010111110101010101011
10001000101000001010101010101010001010001010001011
10111011111011101010101110101011101011111011111011
10000000000010000010000000100000001000000000000211
11111111111111111111111111111111111111111111111111
11111111111111111111111111111111111111111111111111
